subject age group log.exercise
100           8.00        patient       1.481987743
100          10.00        patient       1.016734016
100          12.00        patient       1.288850698
100          14.00        patient       0.698959272
100          15.92        patient       3.123224735
101           8.00        patient      -2.162729500
101          10.00        patient      -2.162729500
101          12.00        patient      -3.584962501
101          14.00        patient      -3.584962501
101          16.67        patient       2.368302738
102           8.00        patient       0.004800986
102          10.00        patient       0.928528245
102          12.00        patient       2.273018494
102          15.08        patient       4.632462113
103           8.00        patient       0.167786091
103          10.00        patient       1.576925182
103          12.00        patient       1.450661409
103          14.08        patient       2.795628434
104           8.00        patient       1.502500341
104          10.00        patient       2.744878676
104          12.00        patient      -1.421463768
104          15.42        patient       3.638460049
105           8.00        patient      -2.906890596
105          10.00        patient      -3.584962501
105          12.00        patient      -3.584962501
105          14.00        patient      -1.584962501
105          16.17        patient       0.607231665
106           8.00        patient      -3.584962501
106          10.00        patient      -0.880090536
106          12.00        patient      -2.298081353
106          14.00        patient       0.509273569
106          16.33        patient       2.296702119
107           8.00        patient      -3.584962501
107          10.00        patient      -2.298081353
107          12.00        patient      -3.584962501
107          14.00        patient       2.078382119
107          16.00        patient       0.302562770
108           8.00        patient       0.415037499
108          10.00        patient       1.203723210
108          12.00        patient       1.481987743
108          14.00        patient       4.254241287
108          16.33        patient       2.205809537
109           8.00        patient       1.240823127
109          10.00        patient       0.302562770
109          13.75        patient       4.214383887
110           8.00        patient      -0.245825116
110          10.00        patient       0.578536232
110          12.00        patient       0.167786091
110          14.00        patient       3.708555130
110          16.58        patient       1.576925182
111           8.00        patient      -1.206450877
111          10.00        patient       0.359895945
111          12.00        patient       2.205809537
111          15.25        patient       3.816940971
112           8.00        patient      -2.802553936
112          10.00        patient      -3.584962501
112          12.00        patient      -3.584962501
112          14.00        patient      -1.109877618
112          16.75        patient       0.193246076
113           8.00        patient      -1.274622380
113          10.00        patient      -2.162729500
113          12.00        patient       1.749891769
113          15.33        patient       4.224451944
114           8.00        patient       0.193246076
114          10.00        patient       0.588164933
114          12.00        patient      -1.980891177
114          14.92        patient       0.818305222
115           8.00        patient      -1.674229839
115          10.00        patient       0.436517227
115          12.00        patient       1.547614342
115          14.67        patient      -0.146669649
116           8.00        patient       2.254997087
116          10.00        patient       2.583358615
116          12.00        patient       2.196397213
116          14.00        patient       2.886224960
116          16.50        patient       3.532732542
117           8.00        patient      -0.592194070
117          10.00        patient       0.626049693
117          12.00        patient       1.044976909
117          14.00        patient       1.126532406
117          16.50        patient       3.441394946
118           8.00        patient      -1.421463768
118          10.00        patient      -1.383328640
118          12.00        patient      -0.427918791
118          15.92        patient       1.323850407
119           8.00        patient      -1.109877618
119          10.00        patient       0.267036336
119          12.00        patient       0.499101764
119          14.00        patient      -0.068947354
119          16.08        patient       3.183221824
120           8.00        patient      -1.109877618
120          10.00        patient      -3.584962501
120          12.00        patient      -3.584962501
120          14.00        patient      -3.584962501
120          16.58        patient       0.359895945
121           8.00        patient      -2.038994132
121          10.00        patient       0.267036336
121          12.00        patient       3.516435451
121          15.08        patient       2.095361856
122           8.00        patient      -3.584962501
122          10.00        patient      -3.584962501
122          12.00        patient       0.167786091
122          14.00        patient       2.920928429
122          16.33        patient       2.261029270
123           8.00        patient      -0.906890596
123          10.00        patient      -3.584962501
123          12.00        patient      -0.068947354
123          15.50        patient      -3.584962501
124           8.00        patient       1.051952080
124          10.00        patient      -0.487351704
124          12.00        patient       1.779609932
124          13.75        patient       2.115477217
125           8.00        patient       0.662965013
125          10.00        patient       1.072677504
125          12.00        patient       2.838615670
125          14.08        patient       1.796320872
126           8.00        patient      -0.880090536
126          10.00        patient      -0.592194070
126          12.00        patient      -0.728972803
126          14.25        patient       1.825107191
127           8.00        patient      -0.053893008
127          10.00        patient      -0.370837695
127          12.00        patient       0.776805859
127          14.00        patient       1.507583241
127          16.00        patient       2.311309348
128           8.00        patient       0.768360790
128          10.00        patient      -1.421463768
128          13.50        patient      -2.162729500
129           8.00        patient      -0.427918791
129          10.00        patient       0.254997087
129          12.00        patient      -0.178970141
129          15.08        patient       3.425369783
130           8.00        patient      -3.584962501
130          10.00        patient      -1.421463768
130          12.00        patient       1.119909464
130          14.00        patient       1.986714309
130          16.00        patient       3.494842254
132           8.00        patient      -3.584962501
132          10.00        patient       0.436517227
132          13.08        patient       2.425817338
133           8.00        patient       0.716625146
133          10.00        patient       1.259021343
133          12.00        patient       1.072677504
133          14.00        patient       0.768360790
133          17.50        patient       3.716259305
134           8.00        patient       2.412329907
134          10.00        patient       3.234705683
134          12.00        patient       3.875124739
134          14.00        patient       4.509273569
134          16.50        patient       4.398715194
135           8.00        patient      -2.802553936
135          10.00        patient      -1.980891177
135          12.00        patient      -2.614108846
135          14.00        patient      -3.584962501
135          16.58        patient      -1.019365325
136           8.00        patient       0.943608818
136          10.00        patient       0.707819249
136          12.00        patient       1.968398003
136          14.00        patient       1.591360272
136          17.00        patient       1.779609932
137           8.00        patient       0.874469118
137          10.00        patient      -3.584962501
137          12.00        patient       0.980634675
137          14.00        patient       0.616671360
138           8.00        patient       0.302562770
138          10.00        patient      -0.178970141
138          12.00        patient      -0.447458977
138          14.58        patient       0.644625422
139           8.00        patient       2.778909424
139          10.00        patient       2.973305133
139          12.00        patient       3.893685794
139          14.00        patient       3.445373578
139          17.25        patient       3.747745433
140           8.00        patient       2.284908905
140          10.00        patient       2.628384781
140          12.00        patient       2.705609350
140          14.00        patient       3.000600998
140          17.42        patient       2.637687522
141           8.00        patient       0.242856524
141          10.00        patient      -3.019365325
141          12.00        patient      -0.263034406
141          14.00        patient      -0.263034406
141          16.50        patient       2.554179518
142           8.00        patient       2.644625422
142          10.00        patient       0.810100299
142          12.00        patient      -0.068947354
142          15.75        patient       3.564784619
143           8.00        patient       1.728283351
143          10.00        patient       2.102098188
143          12.00        patient       3.093109404
143          14.00        patient       1.396890153
143          16.75        patient       2.633043650
144           8.00        patient      -1.421463768
144          10.00        patient       0.519374159
144          12.00        patient       0.742724863
144          14.00        patient       2.245901256
144          16.50        patient       0.751320887
145           8.00        patient      -0.068947354
145          10.00        patient      -0.084160448
145          12.00        patient       1.023846742
145          14.25        patient       2.245901256
146           8.00        patient      -2.162729500
146          10.00        patient      -2.162729500
146          12.00        patient      -1.421463768
146          14.50        patient       2.102098188
147           8.00        patient      -3.584962501
147          10.00        patient      -2.298081353
147          13.42        patient       1.407805930
148           8.00        patient      -3.584962501
148          10.00        patient      -1.421463768
148          12.00        patient      -3.584962501
148          14.00        patient      -3.584962501
148          16.83        patient       3.160812649
149           8.00        patient      -1.383328640
149          10.00        patient      -0.467267458
149          12.25        patient       1.892714827
150           8.00        patient       0.193246076
150          10.00        patient       1.972079915
150          12.00        patient       1.072677504
150          14.00        patient       2.826463745
150          17.17        patient       3.651147389
151           8.00        patient      -3.584962501
151          10.00        patient      -1.079071571
151          12.00        patient      -1.628905848
151          14.00        patient      -3.584962501
151          17.67        patient      -3.584962501
152           8.00        patient       0.578536232
152          10.00        patient       2.132028394
152          12.00        patient       2.132028394
152          14.00        patient       2.519374159
152          16.00        patient       2.783107376
153           8.00        patient       0.267036336
153          10.00        patient       0.635367454
153          12.00        patient       1.072677504
153          14.50        patient      -0.614108846
154           8.00        patient      -0.053893008
154          10.00        patient       1.126532406
154          12.00        patient       1.466409601
154          15.33        patient       1.507583241
155           8.00        patient       1.542670779
155          10.00        patient       1.884923476
155          13.42        patient       2.095361856
156           8.00        patient      -1.109877618
156          10.00        patient      -1.542318163
156          12.00        patient       1.051952080
156          14.00        patient       2.698959272
157           8.00        patient      -1.109877618
157          10.00        patient      -3.584962501
157          12.00        patient       0.973305133
157          14.00        patient       4.312761969
157          16.50        patient       2.649232222
158           8.00        patient      -3.584962501
158          10.00        patient      -3.584962501
158          12.17        patient      -1.819427754
159           8.00        patient      -0.528378972
159          10.00        patient       0.242856524
159          12.00        patient       0.742724863
159          14.42        patient       0.193246076
160           8.00        patient       0.348610138
160          10.00        patient       3.469017667
160          12.00        patient       3.619804250
160          14.00        patient       4.073248982
160          16.00        patient       3.924416648
161           8.00        patient      -2.298081353
161          10.00        patient      -0.906890596
161          12.00        patient      -3.584962501
161          14.00        patient      -3.584962501
161          16.33        patient      -0.068947354
162           8.00        patient       0.115477217
162          10.00        patient       0.348610138
162          13.33        patient       0.607231665
163           8.00        patient       3.202156482
163          10.00        patient       2.299635420
163          12.00        patient       2.276000297
163          14.92        patient       4.908972985
164           8.00        patient       0.141868716
164          10.00        patient       0.635367454
164          12.00        patient       1.133125083
164          14.00        patient       0.742724863
164          16.17        patient       2.064652958
165           8.00        patient      -2.298081353
165          10.00        patient      -0.728972803
165          12.00        patient      -0.263034406
165          15.75        patient       2.033276155
166           8.00        patient       0.499101764
166          10.00        patient       1.450661409
166          12.00        patient       1.923466152
166          14.00        patient       2.888174987
166          16.50        patient       3.434739414
167           8.00        patient       2.224451944
167          10.00        patient       2.633043650
167          12.00        patient       3.036210252
167          15.83        patient       4.086047741
168           8.00        patient      -0.528378972
168          11.58        patient       0.943608818
169           8.00        patient      -1.819427754
169          10.00        patient       2.183751156
169          13.75        patient       3.898530851
170           8.00        patient       0.928528245
170          10.00        patient      -1.819427754
170          12.00        patient      -0.528378972
170          14.00        patient      -3.584962501
170          17.25        patient       1.808728263
171           8.00        patient      -0.753085260
171          10.00        patient      -0.507719502
171          12.00        patient      -1.240134004
171          14.00        patient       1.228562189
172           8.00        patient      -0.024247546
172          10.00        patient       0.230612928
172          12.00        patient       2.236747714
172          14.42        patient       2.736244066
173           8.00        patient       0.167786091
173          10.00        patient      -0.592194070
173          12.00        patient      -0.549338591
173          15.42        patient       1.804604311
174           8.00        patient      -1.206450877
174          10.00        patient      -1.109877618
174          13.50        patient       1.792161248
175           8.00        patient      -0.146669649
175          10.00        patient      -0.263034406
175          12.00        patient       1.294743266
175          14.00        patient       0.499101764
175          16.42        patient       0.348610138
176           8.00        patient       0.588164933
176          10.00        patient      -0.681924231
176          12.00        patient      -3.584962501
176          14.00        patient      -3.584962501
176          16.00        patient      -0.827939254
177           8.00        patient      -3.584962501
177          10.00        patient       0.415037499
177          12.00        patient       0.371094152
177          14.67        patient       1.497399469
178           8.00        patient      -1.500898236
178          10.00        patient      -3.584962501
178          12.00        patient      -3.584962501
178          14.25        patient       3.651147389
179           8.00        patient      -2.298081353
179          10.00        patient      -0.658963082
179          12.00        patient       0.088593923
179          14.00        patient      -1.206450877
179          17.92        patient      -0.162729500
180           8.00        patient       1.745595899
180          10.00        patient       2.135315965
180          12.00        patient       2.549258439
180          14.17        patient       3.681824040
181           8.00        patient       0.549258439
181          10.00        patient       0.549258439
181          12.00        patient       0.115477217
181          14.00        patient       0.549258439
181          15.92        patient       2.401448435
182           8.00        patient       1.679573930
182          10.00        patient       1.352381891
182          12.00        patient       0.626049693
182          15.25        patient       3.463796811
183           8.00        patient      -3.584962501
183          10.00        patient      -3.584962501
183          12.00        patient      -3.584962501
183          14.17        patient       0.644625422
184           8.00        patient       0.768360790
184          10.00        patient       1.841302254
184          13.42        patient       1.455929930
185           8.00        patient      -0.962032150
185          10.00        patient      -3.584962501
185          12.00        patient      -3.584962501
185          14.00        patient      -3.584962501
185          17.00        patient       1.841302254
186           8.00        patient       0.905607630
186          10.00        patient       1.407805930
186          12.00        patient       2.888174987
186          15.00        patient       3.730458815
187           8.00        patient       0.371094152
187          10.00        patient       1.461179281
187          12.00        patient       1.191141487
187          15.17        patient       2.633043650
188           8.00        patient       1.983069604
188          10.00        patient       0.768360790
188          12.00        patient       3.373416211
188          14.50        patient       3.457244059
189           8.00        patient      -0.053893008
189          10.00        patient      -3.584962501
189          12.00        patient       1.434739414
189          14.00        patient       1.159198595
189          16.08        patient       1.300611864
190           8.00        patient       0.759865996
190          10.00        patient      -0.549338591
190          12.00        patient       1.829173032
190          14.75        patient       2.501651447
192           8.00        patient      -0.802553936
192          10.00        patient       0.734077315
192          12.00        patient      -0.408639728
192          15.50        patient       2.449781449
193           8.00        patient       1.363638347
193          10.00        patient       2.536881797
193          12.83        patient       3.651147389
194           8.00        patient      -3.584962501
194          10.00        patient      -3.584962501
194          12.00        patient      -3.584962501
194          15.83        patient      -0.802553936
195           8.00        patient      -3.584962501
195          10.00        patient      -0.408639728
195          12.00        patient      -3.584962501
195          15.00        patient       1.002402490
196           8.00        patient       1.429392792
196          10.00        patient       2.081794091
196          13.25        patient       2.478540442
198           8.00        patient      -3.584962501
198          10.00        patient      -3.584962501
198          12.00        patient       1.512648296
198          15.67        patient       3.430731306
199           8.00        patient       1.418639736
199          10.00        patient       1.434739414
199          12.00        patient       2.081794091
199          14.54        patient       3.433404615
300           8.00        patient      -1.980891177
300          10.00        patient       0.768360790
300          12.00        patient      -1.980891177
300          14.00        patient       0.088593923
300          16.50        patient       2.718818247
301           8.00        patient      -3.584962501
301          10.00        patient      -1.628905848
301          12.00        patient      -3.584962501
301          14.00        patient      -2.162729500
301          16.33        patient      -0.408639728
302           8.00        patient      -1.109877618
302          10.00        patient       0.707819249
302          12.00        patient       0.644625422
302          14.00        patient       2.544320516
302          16.25        patient       3.503772745
303           8.00        patient       0.607231665
303          10.00        patient       2.054269663
303          12.00        patient       0.519374159
303          14.00        patient      -3.584962501
303          16.50        patient      -3.584962501
304           8.00        patient       1.728283351
304          10.00        patient       2.302562770
304          12.00        patient       3.069243877
304          14.00        patient       3.745595899
304          16.17        patient       4.097048890
305           8.00        patient       1.346720556
305          10.00        patient       2.135315965
305          12.00        patient       0.716625146
305          14.00        patient       0.662965013
305          16.58        patient       3.142957954
306           8.00        patient      -1.980891177
306          10.00        patient      -0.528378972
306          12.00        patient      -0.728972803
306          14.00        patient      -0.728972803
306          16.17        patient       1.434739414
307           8.00        patient      -2.528378972
307          10.00        patient      -0.592194070
307          12.00        patient      -0.592194070
307          14.67        patient       2.029747343
308           8.00        patient      -1.674229839
308          10.00        patient      -0.592194070
308          12.00        patient      -1.674229839
308          15.75        patient       3.312277925
309           8.00        patient      -1.500898236
309          10.00        patient       0.205809537
309          12.00        patient      -2.162729500
309          14.92        patient       2.208933382
310           8.00        patient       0.478540442
310          10.00        patient       0.890122382
310          12.00        patient       1.424026283
310          14.00        patient       0.302562770
310          16.50        patient       1.407805930
311           8.00        patient      -3.584962501
311          10.00        patient      -3.584962501
311          12.00        patient      -1.309955453
311          14.00        patient       1.030924573
311          17.17        patient       3.348137974
312           8.00        patient       0.801848446
312          10.00        patient       0.488857733
312          12.00        patient       0.314213130
312          14.00        patient       0.348610138
312          16.50        patient       1.532732542
313           8.00        patient       0.033276155
313          10.00        patient       0.047305715
313          12.00        patient       0.302562770
313          15.88        patient       1.369233810
314           8.00        patient       1.821029859
314          10.00        patient       2.371094152
314          12.00        patient       2.956676234
314          15.25        patient       3.202156482
315           8.00        patient      -1.674229839
315          10.00        patient       1.113255978
315          13.75        patient       0.267036336
316           8.00        patient       1.079520340
316          10.00        patient       1.086330872
316          13.33        patient      -3.584962501
317           8.00        patient      -1.048909600
317          10.00        patient      -0.370837695
317          12.00        patient      -2.298081353
317          14.42        patient      -0.263034406
318           8.00        patient       1.715161224
318          10.00        patient       2.001201745
318          12.00        patient       2.302562770
318          14.00        patient       3.069243877
318          17.46        patient       3.136410159
319           8.00        patient       2.267036336
319          10.00        patient       2.345774837
319          12.00        patient       2.465539197
319          15.00        patient       0.371094152
320           8.00        patient      -1.421463768
320          10.00        patient      -3.584962501
320          12.00        patient      -3.019365325
320          14.00        patient       1.624490865
320          16.00        patient      -3.584962501
321           8.00        patient       0.751320887
321          10.00        patient       1.228562189
321          12.00        patient       3.579341082
322           8.00        patient      -0.636361653
322          10.00        patient       0.858644151
322          13.00        patient       1.380360048
323           8.00        patient      -3.584962501
323          10.00        patient      -3.584962501
323          12.00        patient      -0.880090536
323          14.00        patient      -3.584962501
323          17.17        patient       0.928528245
324           8.00        patient       1.986714309
324          10.00        patient       2.302562770
324          13.71        patient       3.591360272
325           8.00        patient      -3.584962501
325          10.00        patient       0.858644151
325          12.00        patient      -3.584962501
325          13.96        patient       0.371094152
326           8.00        patient      -1.048909600
326          10.00        patient      -1.048909600
326          12.00        patient       0.302562770
326          14.96        patient       1.072677504
327           8.00        patient      -2.298081353
327          10.00        patient      -2.298081353
327          12.00        patient       1.203723210
327          14.00        patient       0.874469118
327          16.00        patient       1.481987743
328           8.00        patient       2.774699222
328          10.00        patient       2.878398385
328          12.00        patient       2.987927168
328          14.00        patient       2.710025767
328          16.21        patient       2.731907304
329           8.00        patient       1.629162305
329          10.00        patient       0.529404524
329          12.17        patient       1.252980741
330           8.00        patient       0.951090400
330          10.00        patient       2.322889571
330          12.00        patient       1.946106992
330          14.58        patient       3.333900737
331           8.00        patient      -1.871266686
331          10.00        patient      -3.584962501
331          12.00        patient      -0.068947354
331          15.67        patient       0.499101764
332           8.00        patient       1.424026283
332          10.00        patient       2.236747714
332          12.00        patient       2.317111079
332          13.92        patient       2.736244066
333           8.00        patient       1.522725369
333          10.00        patient       2.449781449
333          12.00        patient       2.242856524
333          15.79        patient       4.293027085
334           8.00        patient      -3.584962501
334          10.00        patient      -1.109877618
334          12.00        patient      -0.162729500
334          14.00        patient       0.987927168
334          16.79        patient      -3.584962501
335           8.00        patient      -2.298081353
335          10.00        patient       0.662965013
335          12.00        patient       2.398715194
335          14.75        patient       0.061200156
336           8.00        patient      -3.584962501
336          10.00        patient      -3.584962501
336          12.00        patient      -3.584962501
336          14.42        patient      -0.084160448
337           8.00        patient       1.385891154
337          10.00        patient      -0.658963082
337          13.00        patient       3.144590270
338           8.00        patient      -2.298081353
338          10.00        patient      -1.206450877
338          12.00        patient      -3.584962501
338          14.29        patient       0.033276155
340           8.00        patient       1.624490865
340          10.00        patient       1.512648296
340          12.00        patient       3.101538026
340          14.00        patient       3.081225989
340          16.08        patient       3.016734016
341           8.00        patient       1.113255978
341          10.00        patient       1.792161248
341          13.00        patient       1.358021097
200           8.00        control       1.728283351
200          10.00        control       2.519374159
200          12.00        control      -0.427918791
200          14.00        control       2.930421960
200          17.00        control       1.873156980
201           8.00        control      -1.980891177
201          10.00        control      -3.584962501
201          13.00        control       0.128733314
202           8.00        control      -1.421463768
202          10.00        control      -0.962032150
202          12.00        control       0.128733314
203           8.00        control       1.079520340
203          10.00        control       1.619804250
203          12.00        control       1.841302254
203          14.75        control       1.072677504
204           8.00        control       0.325770161
204          10.00        control       2.491425568
204          12.00        control       2.334377582
204          14.50        control       2.803915838
205           8.00        control      -0.880090536
205          10.00        control      -3.584962501
205          12.00        control      -0.334000927
205          14.00        control       0.951090400
205          16.42        control      -3.584962501
206           8.00        control      -0.038994132
206          10.00        control      -0.038994132
206          12.08        control       0.154885602
207a          8.00        control      -1.980891177
207a         10.00        control      -3.584962501
207a         12.00        control      -0.068947354
207a         14.00        control       0.302562770
207a         16.42        control       1.312277925
207b          8.00        control      -3.584962501
207b         10.00        control      -1.421463768
207b         12.00        control      -0.068947354
207b         15.50        control      -3.584962501
208           8.00        control      -0.212010403
208          10.00        control      -1.309955453
208          12.00        control      -2.228818690
209           8.00        control       0.499101764
209          10.00        control       0.905607630
209          12.00        control       0.302562770
209          15.17        control       0.810100299
210           8.00        control       0.768360790
210          10.00        control       1.522725369
210          12.00        control       1.099856237
210          14.92        control      -1.383328640
211           8.00        control      -0.298081353
211          10.00        control      -0.068947354
211          13.58        control       1.396890153
212           8.00        control      -3.584962501
212          10.00        control       1.271027197
212          12.00        control       0.751320887
212          14.00        control       2.996991250
212          16.00        control       2.744878676
213           8.00        control       1.259021343
213          10.00        control       1.072677504
213          12.00        control       1.745595899
213          15.50        control       0.549258439
214           8.00        control       1.749891769
214          10.00        control       1.749891769
214          12.00        control       2.001201745
214          14.54        control       2.571272297
215           8.00        control       1.259021343
215          10.00        control       2.302562770
215          12.00        control       2.317111079
215          15.92        control       3.228562189
216           8.00        control      -1.421463768
216          10.00        control       1.679573930
216          13.17        control      -1.421463768
217           8.00        control      -0.880090536
217          10.00        control      -3.584962501
217          13.17        control      -3.274622380
218           8.00        control      -1.048909600
218          10.00        control      -1.421463768
218          12.00        control      -0.370837695
218          14.00        control      -0.370837695
218          16.00        control      -0.592194070
219           8.00        control       0.415037499
219          10.00        control       0.415037499
219          12.00        control       0.866578332
219          14.00        control       0.568842835
219          15.96        control       0.088593923
220           8.00        control       0.597729797
220          10.00        control       0.653824359
220          12.00        control       0.644625422
220          15.42        control       2.314213130
221           8.00        control       0.529404524
221          10.00        control       2.128733314
221          12.25        control       2.751320887
222           8.00        control       0.858644151
222          11.83        control       0.681074393
223           8.00        control       0.928528245
223          10.00        control       2.499101764
223          13.58        control       0.382206107
224           8.00        control      -0.068947354
224          10.00        control       1.222392421
224          12.00        control       1.487143300
224          14.83        control       1.942358107
225           8.00        control       0.128733314
225          10.00        control       1.461179281
225          12.00        control       0.716625146
225          14.25        control       1.471621028
226           8.00        control      -0.962032150
226          10.00        control       0.858644151
226          12.58        control      -0.162729500
227           8.00        control       2.036796356
227          10.00        control      -0.370837695
227          13.42        control       0.549258439
228           8.00        control      -0.162729500
228          10.00        control       0.088593923
228          12.00        control       0.874469118
228          14.00        control      -0.263034406
228          17.00        control       1.358021097
229a          8.00        control      -0.962032150
229a         10.00        control      -0.962032150
229a         12.00        control      -3.584962501
229a         14.54        control       0.302562770
229b          8.00        control      -3.584962501
229b         10.00        control      -0.592194070
229b         12.00        control      -3.584962501
229b         14.00        control      -1.206450877
229b         17.13        control       1.471621028
230           8.00        control      -1.628905848
230          10.00        control      -2.099535674
230          12.00        control      -0.636361653
231           8.00        control       0.154885602
231          10.00        control      -0.728972803
231          12.00        control       1.413233002
231          15.00        control       1.652295270
232           8.00        control       0.529404524
232          10.00        control       0.004800986
232          12.00        control      -3.584962501
232          14.00        control      -2.802553936
232          17.92        control       0.447138342
233           8.00        control       0.047305715
233          10.00        control       1.271027197
233          12.00        control       0.928528245
233          14.00        control       0.698959272
233          16.00        control       1.586564605
234           8.00        control       0.004800986
234          10.00        control      -0.370837695
234          13.00        control      -3.584962501
235           8.00        control       1.259021343
235          10.00        control       0.973305133
235          12.46        control       1.113255978
236           8.00        control       0.436517227
236          10.00        control       0.810100299
236          12.00        control       0.499101764
236          14.00        control       1.086330872
236          16.38        control       2.772589504
237           8.00        control       0.882316980
237          10.00        control       1.424026283
237          12.00        control       1.358021097
237          14.00        control      -1.674229839
237          16.33        control       1.146220741
238           8.00        control       0.810100299
238          10.00        control       2.731907304
238          12.00        control       2.768360790
238          14.00        control       2.976974559
238          16.17        control       2.022663720
239           8.00        control      -0.068947354
239          10.00        control       0.951090400
239          13.00        control       1.113255978
240           8.00        control       0.061200156
240          10.00        control      -0.115076524
240          12.25        control       0.447138342
241           8.00        control      -3.584962501
241          10.00        control       0.393233129
241          13.25        control       3.104895736
242           8.00        control      -1.109877618
242          10.00        control       1.512648296
242          12.08        control       1.661445587
243           8.00        control       2.820349182
243          10.00        control       3.538951958
243          12.00        control       2.987927168
243          14.08        control       2.840631077
244           8.00        control      -0.370837695
244          10.00        control       0.088593923
244          12.00        control      -3.584962501
244          14.00        control      -3.584962501
244          17.17        control      -0.178970141
245           8.00        control      -1.421463768
245          10.00        control      -0.162729500
245          12.00        control      -3.584962501
245          14.00        control       0.141868716
245          17.13        control       0.519374159
246           8.00        control      -0.962032150
246          10.00        control      -0.315929354
246          12.00        control       0.267036336
246          15.17        control      -2.528378972
247           8.00        control       0.302562770
247          10.00        control       0.951090400
247          12.00        control       0.951090400
247          15.00        control      -0.880090536
248           8.00        control       2.678823113
248          10.00        control       1.983069604
248          13.58        control       1.567220918
249           8.00        control       1.216196155
249          10.00        control       1.624490865
249          12.00        control       2.001201745
249          14.00        control       2.491425568
249          17.00        control       2.267036336
250           8.00        control       1.058893689
250          10.00        control       1.434739414
250          12.00        control       1.888824411
250          15.00        control       2.208933382
251           8.00        control       0.302562770
251          10.00        control       0.302562770
251          12.00        control      -3.584962501
251          14.58        control      -3.584962501
252           8.00        control      -0.068947354
252          10.00        control       1.002402490
252          12.33        control       1.374807654
253           8.00        control      -2.162729500
253          10.00        control      -3.584962501
253          12.00        control      -0.880090536
253          14.00        control       1.512648296
253          16.42        control       1.159198595
254           8.00        control      -1.421463768
254          10.00        control      -3.584962501
254          12.33        control      -3.584962501
255           8.00        control      -0.053893008
255          10.00        control      -0.053893008
255          12.00        control      -0.099535674
255          14.17        control       0.905607630
255b          8.00        control       1.072677504
255b         10.00        control       0.302562770
255b         12.00        control       1.369233810
255b         14.00        control       0.973305133
255b         15.92        control       1.072677504
256           8.00        control      -0.827939254
256          10.00        control       0.672048117
256          12.00        control       0.672048117
256          15.00        control       2.001201745
257           8.00        control       0.818305222
257          10.00        control       0.866578332
257          12.00        control       2.004800986
257          15.83        control       1.679573930
258           8.00        control       0.047305715
258          10.00        control       0.578536232
258          13.50        control       0.478540442
259           8.00        control      -3.584962501
259          10.00        control      -0.880090536
259          12.00        control      -3.584962501
259          15.75        control      -1.980891177
260           8.00        control      -0.195395689
260          10.00        control      -0.298081353
260          13.92        control      -3.584962501
261           8.00        control      -2.906890596
261          10.00        control      -2.906890596
261          13.92        control      -0.024247546
262           8.00        control      -2.162729500
262          10.00        control      -0.315929354
262          13.25        control      -2.162729500
263           8.00        control      -0.592194070
263          10.00        control      -0.592194070
263          13.25        control      -3.584962501
264           8.00        control      -0.962032150
264          10.00        control      -1.240134004
264          13.58        control      -1.819427754
265           8.00        control       1.184809239
265          10.00        control       1.159198595
265          13.83        control      -1.421463768
266           8.00        control      -1.980891177
266          10.00        control      -1.421463768
266          13.50        control      -3.584962501
267           8.00        control      -1.274622380
267          10.00        control      -0.880090536
267          12.00        control      -3.584962501
267          14.42        control      -3.584962501
268           8.00        control      -0.802553936
268          10.00        control       0.167786091
268          12.00        control      -0.487351704
268          15.75        control       0.653824359
269           8.00        control       0.499101764
269          10.00        control       1.044976909
269          13.17        control       1.643086547
270           8.00        control       0.653824359
270          10.00        control       1.341036918
270          12.00        control       1.178449074
270          15.33        control       0.128733314
271           8.00        control      -3.584962501
271          10.00        control      -3.584962501
271          12.00        control      -1.206450877
271          14.25        control      -1.206450877
272           8.00        control       0.415037499
272          10.00        control       1.407805930
272          12.75        control       1.335330799
273a          8.00        control      -1.421463768
273a         10.00        control      -0.658963082
273a         12.00        control      -0.658963082
273a         14.50        control       0.785201780
273b          8.00        control      -3.584962501
273b         10.00        control       0.499101764
273b         12.00        control       0.348610138
273b         14.00        control       0.519374159
273b         16.67        control      -1.421463768
274           8.00        control       0.801848446
274          10.00        control       0.393233129
274          12.75        control       1.146220741
275           8.00        control      -1.674229839
275          10.00        control      -0.162729500
275          12.00        control       0.180572246
275          14.00        control      -0.146669649
275          16.00        control      -0.352301744
276           8.00        control      -0.728972803
276          10.00        control      -0.487351704
276          12.00        control      -1.240134004
276          14.38        control      -0.705256734
277           8.00        control      -0.298081353
277          10.00        control      -1.769387072
277          12.00        control      -2.298081353
277          14.25        control      -0.408639728
278           8.00        control       2.267036336
278          10.00        control      -3.584962501
278          12.42        control      -0.728972803
279a          8.00        control       0.549258439
279a         10.00        control      -0.728972803
279a         13.08        control      -0.178970141
279b          8.00        control      -1.109877618
279b         10.00        control      -1.109877618
279b         12.00        control      -3.584962501
279b         15.50        control      -3.584962501
280a          8.00        control      -0.263034406
280a         10.00        control       0.180572246
280a         12.00        control      -1.980891177
280a         14.92        control       1.787989597
280b          8.00        control      -0.487351704
280b         10.00        control       0.382206107
280b         12.00        control       0.088593923
280b         14.00        control       1.440066294
280b         17.00        control       1.002402490
281           8.00        control       1.841302254
281          10.00        control       1.728283351
281          12.00        control       2.135315965
281          14.00        control       2.135315965
281          16.13        control       2.449781449
282           8.00        control      -2.298081353
282          10.00        control      -2.298081353
282          12.00        control      -1.542318163
282          14.00        control      -3.584962501
282          16.00        control       0.325770161
283           8.00        control      -0.777607579
283          10.00        control       0.004800986
283          13.58        control       1.701918647
284           8.00        control       0.004800986
284          10.00        control       0.004800986
284          12.00        control      -3.584962501
284          14.00        control      -3.584962501
284          16.96        control      -3.584962501
285           8.00        control      -0.315929354
285          10.00        control      -0.315929354
285          13.21        control       0.698959272
286           8.00        control       0.242856524
286          10.00        control       0.242856524
286          12.00        control      -1.206450877
286          14.00        control      -1.048909600
286          17.00        control      -1.421463768
