Subject TRT month DBP
 1  A   1   114
 2  A   1   116
 3  A   1   119
 4  A   1   115
 5  A   1   116
 6  A   1   117
 7  A   1   118
 8  A   1   120
 9  A   1   114
10  A   1   115
11  A   1   117
12  A   1   116
13  A   1   119
14  A   1   118
15  A   1   115
16  A   1   114
17  A   1   117
18  A   1   120
19  A   1   114
20  A   1   117
21  B   1   114
22  B   1   116
23  B   1   114
24  B   1   114
25  B   1   116
26  B   1   114
27  B   1   119
28  B   1   118
29  B   1   114
30  B   1   120
31  B   1   117
32  B   1   118
33  B   1   121
34  B   1   116
35  B   1   118
36  B   1   119
37  B   1   116
38  B   1   116
39  B   1   117
40  B   1   118
 1  A   2   115
 2  A   2   113
 3  A   2   115
 4  A   2   113
 5  A   2   112
 6  A   2   112
 7  A   2   111
 8  A   2   115
 9  A   2   112
10  A   2   113
11  A   2   112
12  A   2   115
13  A   2   117
14  A   2   115
15  A   2   112
16  A   2   111
17  A   2   114
18  A   2   115
19  A   2   113
20  A   2   115
21  B   2   115
22  B   2   114
23  B   2   115
24  B   2   115
25  B   2   113
26  B   2   115
27  B   2   118
28  B   2   117
29  B   2   113
30  B   2   115
31  B   2   115
32  B   2   114
33  B   2   119
34  B   2   115
35  B   2   118
36  B   2   115
37  B   2   114
38  B   2   115
39  B   2   115
40  B   2   114
 1  A   3   113
 2  A   3   112
 3  A   3   113
 4  A   3   112
 5  A   3   107
 6  A   3   113
 7  A   3   100
 8  A   3   113
 9  A   3   113
10  A   3   108
11  A   3   110
12  A   3   113
13  A   3   110
14  A   3   113
15  A   3   108
16  A   3   111
17  A   3   110
18  A   3   113
19  A   3   109
20  A   3   113
21  B   3   113
22  B   3   114
23  B   3   113
24  B   3   113
25  B   3   113
26  B   3   114
27  B   3   118
28  B   3   117
29  B   3   113
30  B   3   113
31  B   3   113
32  B   3   112
33  B   3   117
34  B   3   116
35  B   3   113
36  B   3   115
37  B   3   113
38  B   3   114
39  B   3   113
40  B   3   114
 1  A   4   109
 2  A   4   103
 3  A   4   104
 4  A   4   109
 5  A   4   104
 6  A   4   104
 7  A   4   109
 8  A   4   102
 9  A   4   109
10  A   4   106
11  A   4   109
12  A   4   109
13  A   4   106
14  A   4   102
15  A   4   105
16  A   4   107
17  A   4   108
18  A   4   107
19  A   4   104
20  A   4   109
21  B   4   111
22  B   4   109
23  B   4   111
24  B   4   114
25  B   4   109
26  B   4   111
27  B   4   117
28  B   4   116
29  B   4   109
30  B   4   113
31  B   4   114
32  B   4   109
33  B   4   114
34  B   4   114
35  B   4   113
36  B   4   114
37  B   4   109
38  B   4   114
39  B   4   114
40  B   4   114
 1  A   5   105
 2  A   5   101
 3  A   5    98
 4  A   5   101
 5  A   5   105
 6  A   5   102
 7  A   5    99
 8  A   5   102
 9  A   5   103
10  A   5    97
11  A   5   101
12  A   5   102
13  A   5   104
14  A   5    99
15  A   5   102
16  A   5   100
17  A   5   102
18  A   5   103
19  A   5   100
20  A   5   101
21  B   5   113
22  B   5   110
23  B   5   109
24  B   5   115
25  B   5   109
26  B   5   110
27  B   5   115
28  B   5   112
29  B   5   108
30  B   5   113
31  B   5   115
32  B   5   110
33  B   5   115
34  B   5   111
35  B   5   112
36  B   5   111
37  B   5   109
38  B   5   112
39  B   5   115
40  B   5   115
